20,2	205	18,8	2920	700	3200	122

Солома ячменная	Жом свекловичный свежий	Сенаж злаковый	Силос кукурузный	Кукуруза зерно	Овёс зерно	Тритикале	Рожь зерно	Шрот подсолнечный	Патока кормовая	Мел кормовой	Соль поваренная	Сода пищевая	Премикс

0,28	5,4	0,866	36	12	355	3,1	0,06
0,21	2,15	0,18	16	0,8	30	1,33	0,3
0,29	3,2	0,31	40	16	86	1,9	0,07
0,27	2,7	0,26	22	7,5	60	1,63	0,07
1,27	11,57	0,877	84	39	22	7,3	0,28
0,98	9,7	0,88	115	24	128	5,9	0,22
1,13	11,45	0,87	110	15,6	23	7,3	0,28
1,15	11,65	0,87	96	16	25	7,4	0,28
0,96	9,6	0,91	380	11	155	5,63	0,4
0,86	8,7	0,73	95	0,77	3	5,62	1
0	0	0,85	0	0	0	0	0,2
0	0	0,9	0	0	0	0	10
0	0	0,12	0	0	0	0	1
0,22	2,6	0,901	40	9,5	30	1,5	9,99

10	27,5	20	20	20	20	20	20	20	20	20	20	20	20

0,18	2
0,63	4
0,17	9
0,02	14

0,05
