Солома ячменная
грубый
0,28	5,4	0,866	36	12	355	3,1	6	4,3	1,4	0,8	14	68	-5,1	3	10	26	0,014	0,046	0	0,3	0	0,06
Количество 10000

Жом свекловичный свежий
грубый
0,21	2,15	0,18	16	0,8	30	1,33	19	1,26	0,16	0,4	1,4	26,3	-1,6	1,6	3,1	3,1	0,06	0,15	0	0	0	0,3
Количество 10000

Сенаж злаковый
сочный
0,29	3,2	0,31	40	16	86	1,9	10	1,9	1,45	0,7	9	40,7	-0,1	0,8	9	17	0,03	0,06	0,03	0,2	15	0,07
Количество 10000

Силос кукурузный
сочный
0,27	2,7	0,26	22	7,5	60	1,63	55	0,6	0,5	0,4	3,1	33	-1,8	1,4	5,5	19	0,02	0,07	0,04	0,06	15	0,07
Количество 10000

Кукуруза зерно
концентрат
1,27	11,57	0,877	84	39	22	7,3	360	0,4	3,1	1,1	3,5	136	-8,3	2	10	4	0,05	0,09	0	0	30	0,28
Количество 10000

Овёс зерно
концентрат
0,98	9,7	0,88	115	24	128	5,9	367	1	3,2	1,1	4,4	125	-1,6	4,9	22,5	56,5	0,07	0,1	0,1	0	12,9	0,22
Количество 10000

Тритикале
концентрат
1,13	11,45	0,87	110	15,6	23	7,3	550	0,4	3,4	1,1	5,2	140	-4,8	2	15	12	0,08	0,09	0,1	0	20	0,28
Количество 10000

Рожь зерно
концентрат
1,15	11,65	0,87	96	16	25	7,4	560	0,8	2,9	1,2	5,2	137	-6,6	2,2	15	12,5	0,08	0,09	0,1	0	15	0,28
Количество 10000

Шрот подсолнечный
концентрат
0,96	9,6	0,91	380	11	155	5,63	70	2,8	9	4,6	11	202	28,5	6,2	15	9	0,2	0,3	0	0	10	0,4
Количество 10000

Патока кормовая
минеральная добавка
0,86	8,7	0,73	95	0,77	3	5,62	475	2	0,2	0,1	30	115	-3,2	4,4	12,56	14	0,39	0,42	0	0	1,33	1
Количество 10000

Мел кормовой
минеральная добавка
0	0	0,85	0	0	0	0	0	340	0	0	0	0	0	0	0	0	0	0	0	0	0	0,2
Количество 10000

Соль поваренная
минеральная добавка
0	0	0,9	0	0	0	0	0	0	0	0	0	0	0	0	0	0	0	0	0	0	0	10
Количество 10000

Сода пищевая
минеральная добавка
0	0	0,12	0	0	0	0	0	0	0	0	0	0	0	0	0	0	0	0	0	0	0	1
Количество 10000

Премикс
минеральная добавка
0,22	2,6	0,901	40	9,5	30	1,5	0	142	34	55	0	35	1	1800	8500	4500	60	150	35	200	5000	9,99
Количество 10000

